$ 1 0.000005 0.0453089017280169 59 5 50 5e-11
w 656 656 720 656 0
w 656 656 656 768 0
w 816 656 784 656 0
w 784 656 720 656 0
w 720 672 720 656 0
w 768 752 768 784 0
S 768 704 768 672 0 0 false 0 2
r 768 752 768 704 0 4700
r 704 752 704 704 0 4700
S 704 704 704 672 0 0 false 0 2
w 816 656 816 768 0
w 704 752 704 784 0
w 656 768 800 768 0
w 688 672 672 672 0
w 752 672 736 672 0
g 672 672 672 704 0 0
g 736 672 736 704 0 0
x 711 666 716 669 4 10 1
x 775 666 780 669 4 10 1
w 784 672 784 656 0
x 749 667 754 670 4 10 0
x 685 667 690 670 4 10 0
w 704 784 752 832 0
g 464 976 480 976 0 0
g 272 976 288 976 0 0
f 448 896 448 976 56 1.5 0.02
f 256 912 256 976 56 1.5 0.02
x 417 1002 427 1005 4 16 Y
w 400 912 400 1008 0
w 432 976 432 1024 0
w 512 912 512 1008 0
x 451 930 463 933 4 18 A
x 197 872 234 875 6 18 DRV
w 240 976 240 1024 0
x 225 1002 235 1005 4 16 Y
x 273 865 285 868 4 18 A
x 404 930 441 933 4 18 DRV
w 352 848 352 1008 0
w 192 912 192 1008 0
f 288 832 288 912 56 1.5 0.02
g 304 912 320 912 0 0
r 192 912 256 912 0 4700
w 256 912 272 912 0
w 192 848 192 912 0
f 912 896 912 976 49 1.5 0.02
x 902 967 922 970 4 10 PNP
x 710 967 730 970 4 10 PNP
w 944 1056 944 1104 0
w 944 1104 976 1104 0
w 912 1056 912 1104 0
w 912 1104 944 1104 0
w 880 1056 880 1104 0
w 880 1104 912 1104 0
w 848 1056 848 1104 0
w 848 1104 880 1104 0
w 800 1104 848 1104 0
x 860 1154 934 1157 4 18 Data\sBus
w 816 976 816 1008 0
w 656 848 656 912 0
w 720 912 736 912 0
r 656 912 720 912 0 4700
g 768 912 784 912 0 0
f 752 832 752 912 56 1.5 0.02
w 656 912 656 1008 0
w 816 848 816 976 0
x 660 866 697 869 4 18 DRV
x 737 865 749 868 4 18 A
x 689 1002 699 1005 4 16 Y
w 816 976 736 976 0
w 704 976 704 1024 0
f 720 928 720 976 49 1.5 0.02
w 960 976 960 1008 0
x 869 936 906 939 6 18 DRV
w 864 912 960 912 0
x 915 930 927 933 4 18 A
w 960 912 960 976 0
w 896 976 896 1040 0
w 864 912 864 1008 0
w 960 976 928 976 0
x 881 1002 891 1005 4 16 Y
r 976 1104 976 1152 0 4700
g 976 1152 976 1168 0 0
x 742 1178 775 1181 4 16 CPU
w 688 1184 768 1184 0
w 656 1184 688 1184 0
w 656 1072 656 1184 0
w 656 1072 784 1072 0
w 784 1072 784 1184 0
r 688 1120 688 1184 0 470
w 688 1088 720 1088 0
g 720 1120 720 1136 0 0
f 800 1104 720 1104 48 1.5 0.02
w 240 1024 400 1024 0
r 560 1072 560 1136 0 10000
x 447 1166 521 1169 4 18 Data\sBus
w 384 1136 432 1136 0
w 432 1136 464 1136 0
w 464 1136 496 1136 0
w 496 1136 528 1136 0
w 528 1136 560 1136 0
x 765 1122 778 1125 4 18 D
w 848 688 944 688 0
w 384 816 480 816 0
x 920 681 937 684 4 24 D
x 858 681 874 684 4 24 A
x 886 681 908 684 4 24 !B
x 891 713 905 716 4 24 F
x 859 713 873 716 4 24 F
x 923 713 936 716 4 24 0
w 848 720 944 720 0
w 848 656 848 816 0
w 944 656 944 816 0
w 880 656 880 816 0
w 912 656 912 816 0
w 848 752 944 752 0
x 923 745 936 748 4 24 1
x 859 745 873 748 4 24 F
x 891 745 905 748 4 24 T
w 848 784 944 784 0
x 923 777 936 780 4 24 1
x 859 777 873 780 4 24 T
x 891 777 905 780 4 24 F
w 848 816 944 816 0
x 923 809 936 812 4 24 1
x 859 809 873 812 4 24 T
x 891 809 905 812 4 24 T
x 427 809 441 812 4 24 T
x 395 809 409 812 4 24 T
x 459 809 472 812 4 24 0
x 427 777 441 780 4 24 F
x 395 777 409 780 4 24 T
x 459 777 472 780 4 24 0
w 384 784 480 784 0
x 427 745 441 748 4 24 T
x 395 745 409 748 4 24 F
x 459 745 472 748 4 24 0
w 384 752 480 752 0
w 448 656 448 816 0
w 416 656 416 816 0
w 480 656 480 816 0
w 384 656 384 816 0
w 384 720 480 720 0
x 459 713 472 716 4 24 1
x 395 713 409 716 4 24 F
x 427 713 441 716 4 24 F
x 422 681 444 684 6 24 !B
x 394 681 410 684 6 24 A
x 456 681 473 684 6 24 D
w 384 688 480 688 0
x 221 667 226 670 4 10 0
x 285 667 290 670 4 10 0
w 320 672 320 656 0
x 311 666 316 669 4 10 1
x 247 666 252 669 4 10 1
g 272 672 272 704 0 0
g 208 672 208 704 0 0
w 288 672 272 672 0
w 224 672 208 672 0
w 192 768 336 768 0
w 240 752 240 784 0
w 352 656 352 768 0
S 240 704 240 672 0 0 false 0 2
r 240 752 240 704 0 4700
r 304 752 304 704 0 4700
S 304 704 304 672 0 1 false 0 2
w 304 752 304 784 0
w 256 672 256 656 0
w 320 656 256 656 0
w 352 656 320 656 0
w 192 656 192 768 0
w 192 656 256 656 0
R 176 576 224 576 0 0 40 5 0 0 0.5
w 224 1200 352 1200 0
w 192 1200 224 1200 0
w 192 1056 192 1200 0
r 224 1136 224 1200 0 470
w 224 1104 256 1104 0
g 256 1136 256 1152 0 0
r 304 1056 304 1120 0 4700
g 304 1152 304 1168 0 0
f 384 1136 304 1136 48 1.5 0.02
x 349 1161 362 1164 6 18 D
w 368 1056 368 1200 0
w 304 1056 368 1056 0
w 192 1056 304 1056 0
x 196 1074 234 1077 4 18 CPU
x 685 652 691 655 4 10 F
x 717 652 723 655 4 10 T
x 749 652 755 655 4 10 T
x 781 652 787 655 4 10 F
w 736 640 736 656 0
w 272 640 272 656 0
x 317 652 323 655 4 10 T
x 285 652 291 655 4 10 F
x 253 652 259 655 4 10 F
x 221 652 227 655 4 10 T
w 816 1024 848 1056 0
w 896 1040 880 1056 0
w 240 784 288 832 0
w 768 800 800 800 0
w 912 864 912 896 0
w 912 864 864 864 0
w 768 800 768 784 0
w 800 800 832 832 0
w 832 832 864 864 0
w 368 832 400 864 0
w 336 800 368 832 0
w 304 800 304 784 0
w 448 864 400 864 0
w 448 864 448 896 0
w 304 800 336 800 0
x 563 1172 583 1175 4 16 Up
x 900 1192 972 1195 4 16 Pull\sDown
w 176 1216 176 1040 0
w 176 624 608 624 0
w 608 624 608 848 0
w 176 1216 592 1216 0
w 192 656 176 640 0
w 192 848 176 832 0
w 192 1056 176 1040 0
w 512 912 560 880 0
w 176 1040 176 832 0
w 176 832 176 640 0
w 176 640 176 624 0
w 608 848 608 1056 0
370 176 576 176 624 3 0 3
w 640 624 1024 624 0
w 1024 1216 1024 864 0
w 640 624 640 640 0
w 640 1216 1008 1216 0
370 640 576 640 624 3 0 3
R 640 576 688 576 0 0 40 5 0 0 0.5
w 656 656 640 640 0
w 656 848 640 832 0
w 656 1072 640 1056 0
w 1024 864 1024 624 0
w 640 1056 640 1216 0
w 640 832 640 1056 0
w 720 928 720 912 0
x 436 1002 459 1005 4 10 (F/G)
w 400 1008 496 1008 0
w 192 1008 336 1008 0
x 244 1002 267 1005 4 10 (F/G)
x 708 1002 730 1005 4 10 (F/V)
w 656 1008 800 1008 0
w 864 1008 944 1008 0
x 900 1002 922 1005 4 10 (F/V)
x 928 926 951 929 4 10 (G/V)
x 464 925 487 928 4 10 (G/V)
w 400 912 512 912 0
x 292 862 315 865 4 10 (G/V)
w 192 848 352 848 0
w 1056 640 1056 864 0
w 1072 656 1056 640 0
R 1056 576 1104 576 0 0 40 5 0 0 0.5
370 1056 576 1056 624 3 0 3
w 1056 624 1056 640 0
w 1056 624 1424 624 0
w 1200 800 1232 832 0
w 1184 800 1184 784 0
w 1184 800 1200 800 0
w 1152 640 1152 656 0
x 1197 652 1203 655 4 10 T
x 1165 652 1171 655 4 10 F
x 1133 652 1139 655 4 10 T
x 1101 652 1107 655 4 10 F
x 1307 809 1321 812 4 24 T
x 1275 809 1289 812 4 24 T
x 1339 809 1352 812 4 24 1
w 1264 816 1360 816 0
x 1307 777 1321 780 4 24 F
x 1275 777 1289 780 4 24 T
x 1339 777 1352 780 4 24 1
w 1264 784 1360 784 0
x 1307 745 1321 748 4 24 T
x 1275 745 1289 748 4 24 F
x 1339 745 1352 748 4 24 1
w 1264 752 1360 752 0
w 1328 656 1328 816 0
w 1296 656 1296 816 0
w 1360 656 1360 816 0
w 1264 656 1264 816 0
w 1264 720 1360 720 0
x 1339 713 1352 716 4 24 0
x 1275 713 1289 716 4 24 F
x 1307 713 1321 716 4 24 F
x 1305 681 1321 684 4 24 B
x 1274 681 1290 684 4 24 A
x 1336 681 1353 684 4 24 D
w 1264 688 1360 688 0
x 1101 667 1106 670 4 10 0
x 1165 667 1170 670 4 10 0
w 1200 672 1200 656 0
x 1191 666 1196 669 4 10 1
x 1127 666 1132 669 4 10 1
g 1152 672 1152 704 0 0
g 1088 672 1088 704 0 0
w 1168 672 1152 672 0
w 1104 672 1088 672 0
w 1072 768 1216 768 0
w 1120 752 1120 784 0
w 1232 656 1232 768 0
S 1120 704 1120 672 0 1 false 0 2
r 1120 752 1120 704 0 4700
r 1184 752 1184 704 0 4700
S 1184 704 1184 672 0 1 false 0 2
w 1184 752 1184 784 0
w 1136 672 1136 656 0
w 1200 656 1136 656 0
w 1232 656 1200 656 0
w 1072 656 1072 768 0
w 1072 656 1136 656 0
w 1056 1216 1056 1088 0
g 1184 1040 1200 1040 0 0
x 1197 1022 1218 1025 4 10 NOT
w 1072 1040 1072 1072 0
w 1136 960 1168 960 0
f 1168 960 1168 1040 56 1.5 0.02
r 1072 1040 1136 1040 0 4700
w 1072 1072 1392 1072 0
w 1136 1040 1136 1088 0
w 1136 1040 1152 1040 0
x 1141 1066 1153 1069 4 18 Y
w 1072 880 1072 960 0
w 1248 992 1200 992 0
w 1200 944 1200 960 0
f 1264 864 1264 944 56 1.5 0.02
f 1216 864 1216 944 56 1.5 0.02
r 1072 960 1136 960 0 4700
w 1072 960 1072 1040 0
w 1072 880 1408 880 0
w 1408 880 1408 1072 0
w 1168 960 1200 960 0
g 1232 944 1232 960 0 0
w 1248 944 1248 992 0
g 1280 944 1280 960 0 0
g 1328 944 1328 960 0 0
w 1296 944 1296 992 0
f 1312 864 1312 944 56 1.5 0.02
w 1296 992 1248 992 0
g 1376 944 1376 960 0 0
w 1344 944 1344 992 0
f 1360 864 1360 944 56 1.5 0.02
w 1344 992 1296 992 0
w 1200 960 1200 992 0
x 1152 1065 1175 1068 4 10 (G/V)
w 1232 832 1264 864 0
w 1136 816 1168 832 0
w 1136 816 1120 816 0
w 1120 816 1120 784 0
w 1072 1200 1168 1200 0
w 1184 1104 1184 1200 0
w 1072 1104 1184 1104 0
w 1072 1184 1072 1104 0
w 1088 1184 1072 1184 0
x 1078 1122 1099 1125 4 16 I/O
w 1072 1200 1072 1184 0
w 1168 1184 1168 1152 0
g 1136 1152 1104 1152 0 0
162 1136 1184 1168 1184 2 default-led 1 0 0 0.01
r 1088 1184 1136 1184 0 470
f 1152 1088 1152 1152 48 1.5 0.02
w 1056 1088 1072 1104 0
w 1056 1216 1408 1216 0
w 1136 1088 1152 1088 0
w 1056 1088 1056 864 0
w 1072 880 1056 864 0
w 1424 624 1424 1216 0
x 1365 710 1391 713 4 12 1000
x 1371 678 1385 681 4 12 μA
w 640 640 640 832 0
x 1365 742 1391 745 4 12 7800
x 1365 774 1391 777 4 12 7800
x 1365 806 1391 809 4 12 7800
x 949 806 975 809 4 12 8300
x 949 774 975 777 4 12 8300
x 949 742 975 745 4 12 7200
x 955 678 969 681 4 12 μA
x 955 708 996 711 4 12 0.2\s\s\s<--
x 485 710 511 713 4 12 2100
x 491 678 505 681 4 12 μA
x 485 742 511 745 4 12 8300
x 485 774 511 777 4 12 7200
x 485 806 511 809 4 12 7300
x 393 614 603 617 4 16 Pull-Up\sBus\swith\sNPN\sDrivers
x 790 616 1020 619 4 16 Pull-Down\sBus\swith\sPNP\sDrivers
x 1176 616 1418 619 4 16 Pull\sUp/Down\sBus\swith\sNPN\sLogic
x 1343 896 1355 899 4 18 S
x 1295 896 1308 899 4 18 R
x 1199 897 1211 900 4 18 P
x 1247 897 1261 900 4 18 Q
w 704 1024 816 1024 0
w 432 1056 432 1136 0
w 464 1056 464 1136 0
w 496 1056 496 1136 0
w 528 1056 528 1136 0
w 816 1072 1008 1072 0
w 1008 1072 1008 1200 0
w 992 1200 816 1200 0
w 816 1072 816 1200 0
x 928 1089 940 1092 4 18 S
x 898 1089 911 1092 4 18 R
x 835 1089 847 1092 4 18 P
x 863 1088 877 1091 4 18 Q
x 447 1088 461 1091 4 18 Q
x 419 1089 431 1092 4 18 P
x 482 1089 495 1092 4 18 R
x 512 1089 524 1092 4 18 S
w 592 1072 400 1072 0
w 400 1072 400 1184 0
x 559 1155 585 1158 4 16 Pull
w 592 1072 592 1184 0
w 400 1184 576 1184 0
w 432 1056 416 1040 0
w 416 1040 400 1024 0
w 432 1024 448 1040 0
w 448 1040 464 1056 0
w 1168 832 1216 864 0
w 592 1072 608 1056 0
w 608 1056 608 1216 0
x 405 1152 415 1155 4 16 Y
x 820 1120 830 1123 4 16 Y
x 187 1242 400 1245 4 14 A\s"Pull\sUp"\sbus\simplies\sNPN\sLogic
x 187 1280 570 1283 4 14 Con:\s"Negative\sLogic"\s{False:\pV,\s\sTrue:Gnd}\scan\sbe\sconfusing
x 187 1298 350 1301 4 14 Con:\sGreatest\spower\sdraw
x 485 838 521 841 4 12 24,900
w 480 816 528 816 0
w 480 848 528 848 0
w 560 880 608 848 0
w 944 848 992 848 0
w 944 816 992 816 0
x 949 838 985 841 4 12 23,800
w 960 912 1024 864 0
x 1365 838 1401 841 4 12 24,400
w 1360 816 1408 816 0
w 1360 848 1408 848 0
w 176 1216 176 1312 0
w 640 1216 640 1312 0
x 653 1275 811 1278 4 14 Pro:\sSimpler\sLogic\sTables
x 653 1257 880 1260 4 14 Con:\sPNP's\sare\sliterally\s10x\sthe\sprice
x 654 1240 884 1243 4 14 A\s"Pull\sDown"\sbus\simplies\sPNP\sLogic
x 652 1294 883 1297 4 14 Pro:\sLowest\spower\sdraw\s(esp.\sfor\s0's)
x 1069 1295 1272 1298 4 14 Pro:\sMost\sconsistent\spower\sdraw
x 1071 1241 1385 1244 4 14 A\s"Pull\sUp/Down"\sbus\smade\swith\sNPN\sLogic\sGates
x 1070 1258 1268 1261 4 14 Con:\sNot\sthe\slowest\spower\sdraw
x 1070 1276 1228 1279 4 14 Pro:\sSimpler\sLogic\sTables
w 1056 1216 1056 1312 0
x 1175 941 1197 944 4 10 NOR
x 1118 1067 1133 1070 4 10 OR
x 831 1120 854 1123 4 10 (G/V)
x 415 1152 438 1155 4 10 (V/G)
w 176 1312 224 1312 0
w 640 1312 688 1312 0
w 1056 1312 1104 1312 0
x 1147 1190 1158 1193 4 16 D
162 688 1120 688 1088 2 default-led 1 0 0 0.01
x 683 1110 694 1113 4 16 D
162 224 1136 224 1104 2 default-led 1 0 0 0.01
x 219 1126 230 1129 4 16 D
f 304 1120 256 1120 48 1.5 0.02
x 187 1261 349 1264 4 14 Pro:\sOnly\suses\sNPN\sLogic
x 1275 1037 1349 1040 4 18 Data\sBus
x 1078 901 1125 904 4 18 OR_4
w 656 848 816 848 0
x 756 862 779 865 4 10 (G/V)
x 1364 894 1387 897 4 10 (G/V)
x 531 1085 554 1088 4 10 (F/G)
x 949 1085 972 1088 4 10 (F/G)
