$ 1 0.000005 0.04924642876754098 57 5 50 5e-11
r 704 688 752 688 0 4700
r 704 752 752 752 0 4700
S 704 688 672 688 0 0 false 0 2
R 656 656 624 640 0 0 40 5 0 0 0.5
g 672 720 704 720 0 0
S 704 752 672 752 0 0 false 0 2
w 768 656 768 800 0
w 768 656 656 656 0
w 672 672 656 672 0
w 656 672 656 656 0
w 752 752 784 752 0
w 752 688 784 688 0
f 1424 176 1424 304 56 1.5 0.02
f 1360 176 1360 304 56 1.5 0.02
g 1440 304 1456 304 0 0
R 1264 192 1232 176 0 0 40 5 0 0 0.5
r 1264 304 1328 304 0 4700
w 1408 304 1376 304 0
w 1328 304 1344 304 0
w 1328 304 1328 352 0
x 1363 207 1373 210 4 16 A
x 1411 207 1421 210 4 16 B
x 1434 210 1485 213 4 18 NAND
w 1264 192 1488 192 0
w 1264 192 1264 304 0
w 1264 304 1264 336 0
w 1488 192 1488 336 0
207 896 96 800 48 4 scope\sprobe
w 1232 512 1392 512 0
w 656 672 656 736 0
w 656 736 656 800 0
w 656 800 752 800 0
w 1584 160 1584 288 0
x 1779 177 1819 180 4 18 NOR
w 1744 304 1664 304 0
w 1664 256 1664 288 0
R 1584 160 1552 144 0 0 40 5 0 0 0.5
r 1584 288 1648 288 0 4700
w 1664 256 1680 256 0
w 1584 288 1584 336 0
w 1584 160 1824 160 0
w 1824 160 1824 336 0
g 1776 304 1792 304 0 0
w 1664 288 1664 304 0
w 1648 288 1664 288 0
g 1712 256 1728 256 0 0
x 1341 27 1346 30 4 10 0
x 1405 27 1410 30 4 10 0
w 1440 32 1440 16 0
x 1431 26 1436 29 4 10 1
x 1367 26 1372 29 4 10 1
g 1392 32 1392 64 0 0
g 1328 32 1328 64 0 0
w 1408 32 1392 32 0
w 1344 32 1328 32 0
w 1312 128 1456 128 0
w 1360 112 1360 144 0
w 1472 16 1472 128 0
S 1360 64 1360 32 0 0 false 0 2
R 1312 16 1280 0 0 0 40 5 0 0 0.5
r 1360 112 1360 64 0 4700
r 1424 112 1424 64 0 4700
S 1424 64 1424 32 0 0 false 0 2
w 1424 112 1424 144 0
w 1376 32 1376 16 0
w 1440 16 1376 16 0
w 1472 16 1440 16 0
w 1312 16 1312 128 0
w 1312 16 1376 16 0
403 864 16 1248 112 0 27_1_0_x281016_5_0.1_-1_2_7_1_-85_27_3_0.05_0
w 864 16 1248 16 0
w 864 16 864 112 0
w 864 112 1232 112 0
w 1248 16 1248 112 0
w 672 704 672 720 0
g 672 784 704 784 0 0
x 664 667 669 670 4 10 1
x 664 731 669 734 4 10 1
w 672 736 656 736 0
x 662 711 667 714 4 10 0
x 662 775 667 778 4 10 0
w 672 768 672 784 0
R 1872 640 1840 624 0 0 40 5 0 0 0.5
x 1985 613 2109 616 4 14 !(\s!A\s\a\s!B)\s\q>\s(A\s|\sB)
x 1331 332 1341 335 4 16 Y
w 1472 544 1584 544 0
w 1600 512 1600 400 0
w 1600 512 1584 512 0
w 1600 544 1600 512 0
w 1488 512 1488 480 0
g 1520 480 1552 480 0 0
r 1536 512 1584 512 0 470
f 1504 384 1504 480 56 1.5 0.02
R 1472 400 1440 384 0 0 40 5 0 0 0.5
w 1472 400 1472 544 0
x 1730 415 1740 418 4 16 A
w 1648 400 1824 400 0
R 1648 400 1616 384 0 0 40 5 0 0 0.5
x 1783 418 1821 421 4 18 NOT
w 1824 400 1824 528 0
w 1648 480 1648 576 0
f 1744 384 1744 480 24 1.5 0.02
g 1760 480 1776 480 0 0
w 1712 528 1712 592 0
w 1712 480 1728 480 0
w 1648 400 1648 480 0
r 1760 528 1808 528 0 470
162 1760 528 1712 528 2 default-led 1 0 0 0.01
w 1712 528 1712 480 0
w 1824 528 1824 576 0
x 1731 533 1741 536 4 16 A
162 1536 512 1488 512 2 default-led 1 0 0 0.01
x 1507 517 1517 520 4 16 A
w 1808 528 1824 528 0
x 1300 506 1310 509 4 16 Y
x 1309 507 1314 510 4 10 \q
x 1651 332 1661 335 4 16 Y
w 1648 288 1648 352 0
x 1316 507 1322 510 6 10 A
r 1648 480 1712 480 0 4700
b 1717 506 1818 545 0
x 1732 571 1738 574 6 10 A
x 1725 571 1730 574 4 10 \q
x 1716 570 1726 573 4 16 Y
w 1648 576 1808 576 0
x 1540 430 1584 433 4 12 -----------
x 1544 451 1576 454 4 12 0\s|\s\soff
x 1544 439 1577 442 4 12 1\s|\s\son
b 1538 408 1587 459 0
x 1543 422 1584 425 4 12 A\s|\sLED
w 1472 400 1600 400 0
x 1489 417 1501 420 4 18 A
x 1699 175 1709 178 4 16 A
f 1696 144 1696 256 56 1.5 0.02
x 1747 175 1757 178 4 16 B
f 1760 144 1760 304 56 1.5 0.02
x 1348 331 1373 334 6 10 A\s\a\sB
x 1341 331 1346 334 4 10 \q
w 1264 336 1472 336 0
x 1675 422 1700 425 4 12 A\s|\sY
b 1663 407 1712 458 0
x 1676 439 1699 442 4 12 1\s|\s0
x 1676 451 1699 454 4 12 0\s|\s1
x 1668 430 1708 433 4 12 ----------
x 1252 430 1292 433 4 12 ----------
x 1260 451 1283 454 4 12 0\s|\s1
x 1260 439 1283 442 4 12 1\s|\s0
b 1247 407 1296 458 0
x 1259 422 1284 425 4 12 A\s|\sY
r 1232 480 1296 480 0 4700
w 1296 528 1296 480 0
w 1232 400 1232 480 0
w 1296 480 1312 480 0
g 1344 480 1360 480 0 0
f 1328 384 1328 480 56 1.5 0.02
w 1232 480 1232 512 0
w 1408 400 1408 512 0
x 1367 418 1405 421 4 18 NOT
R 1232 400 1200 384 0 0 40 5 0 0 0.5
w 1232 400 1408 400 0
x 1314 415 1324 418 4 16 A
x 1668 331 1689 334 6 10 A\s|\sB
x 1661 331 1666 334 4 10 \q
w 1584 336 1808 336 0
x 1423 832 1446 835 4 12 1\s|\s0
x 1451 832 1464 835 4 12 |\s0
x 1451 844 1464 847 4 12 |\s1
x 1423 844 1446 847 4 12 1\s|\s1
x 1423 820 1446 823 4 12 0\s|\s1
x 1451 820 1464 823 4 12 |\s0
x 1451 808 1464 811 4 12 |\s0
x 1419 799 1471 802 4 12 -------------
x 1423 808 1446 811 4 12 0\s|\s0
x 1422 791 1465 794 4 12 A\s|\sB\s|\sY
w 1488 688 1488 864 0
w 1232 688 1488 688 0
x 1235 706 1273 709 4 18 AND
x 1363 703 1373 706 4 16 A
w 1312 752 1328 752 0
w 1408 752 1376 752 0
r 1232 752 1312 752 0 4700
R 1232 688 1200 672 0 0 40 5 0 0 0.5
g 1440 752 1456 752 0 0
f 1360 672 1360 752 56 1.5 0.02
f 1424 672 1424 752 56 1.5 0.02
w 1232 816 1232 864 0
f 1328 752 1328 816 56 1.5 0.02
g 1344 816 1360 816 0 0
w 1296 816 1312 816 0
w 1232 752 1232 816 0
r 1232 816 1296 816 0 4700
w 1296 816 1296 880 0
x 1299 860 1309 863 4 16 Y
x 1316 859 1341 862 4 10 A\s\a\sB
x 1309 859 1314 862 4 10 \q
w 1344 752 1328 752 0
w 1232 752 1232 688 0
w 1232 864 1472 864 0
f 1760 624 1760 752 56 1.5 0.02
x 1747 655 1757 658 4 16 B
f 1696 624 1696 704 56 1.5 0.02
x 1699 655 1709 658 4 16 A
g 1712 704 1728 704 0 0
w 1648 736 1664 736 0
w 1664 736 1664 752 0
g 1776 752 1792 752 0 0
w 1552 640 1824 640 0
w 1664 704 1680 704 0
r 1552 736 1632 736 0 4700
R 1552 640 1520 624 0 0 40 5 0 0 0.5
w 1664 704 1664 736 0
w 1744 752 1664 752 0
x 1556 658 1583 661 4 18 OR
w 1552 640 1552 736 0
b 1379 837 1241 778 0
b 1472 768 1245 714 0
b 1471 848 1417 779 0
b 1335 273 1281 204 0
x 1286 216 1329 219 4 12 A\s|\sB\s|\sY
x 1287 233 1310 236 4 12 0\s|\s0
x 1283 224 1335 227 4 12 -------------
x 1315 233 1328 236 4 12 |\s1
x 1315 245 1328 248 4 12 |\s1
x 1287 245 1310 248 4 12 0\s|\s1
x 1287 269 1310 272 4 12 1\s|\s1
x 1315 269 1328 272 4 12 |\s0
x 1315 257 1328 260 4 12 |\s1
x 1287 257 1310 260 4 12 1\s|\s0
b 1658 243 1604 174 0
x 1609 186 1652 189 4 12 A\s|\sB\s|\sY
x 1610 203 1633 206 4 12 0\s|\s0
x 1606 194 1658 197 4 12 -------------
x 1638 203 1651 206 4 12 |\s1
x 1638 215 1651 218 4 12 |\s0
x 1610 215 1633 218 4 12 0\s|\s1
x 1610 239 1633 242 4 12 1\s|\s1
x 1638 239 1651 242 4 12 |\s0
x 1638 227 1651 230 4 12 |\s0
x 1610 227 1633 230 4 12 1\s|\s0
x 1248 724 1270 727 4 8 NAND
x 1243 788 1259 791 4 8 NOT
x 1411 703 1421 706 4 16 B
x 1563 788 1579 791 4 8 NOT
b 1808 851 1754 782 0
b 1699 837 1561 778 0
w 1552 864 1808 864 0
x 1629 859 1634 862 4 10 \q
x 1636 859 1657 862 4 10 A\s|\sB
x 1619 860 1629 863 4 16 Y
w 1616 816 1616 880 0
r 1552 816 1616 816 0 4700
w 1552 736 1552 816 0
w 1616 816 1632 816 0
g 1664 816 1680 816 0 0
f 1648 736 1648 816 56 1.5 0.02
w 1552 816 1552 864 0
w 1824 640 1824 864 0
x 1759 794 1802 797 4 12 A\s|\sB\s|\sY
x 1760 811 1783 814 4 12 0\s|\s0
x 1756 802 1808 805 4 12 -------------
x 1788 811 1801 814 4 12 |\s0
x 1788 823 1801 826 4 12 |\s1
x 1760 823 1783 826 4 12 0\s|\s1
x 1760 847 1783 850 4 12 1\s|\s1
x 1788 847 1801 850 4 12 |\s1
x 1788 835 1801 838 4 12 |\s1
x 1760 835 1783 838 4 12 1\s|\s0
w 1632 736 1648 736 0
b 1810 668 1567 770 0
x 1570 679 1587 682 4 8 NOR
w 640 528 1168 528 0
x 829 523 834 526 4 10 \q
x 836 523 859 526 4 10 A\s^\sB
f 928 384 928 480 56 1.5 0.02
f 864 384 864 432 56 1.5 0.02
w 816 464 816 544 0
x 819 524 829 527 4 16 Y
g 880 432 896 432 0 0
w 816 464 832 464 0
w 832 464 832 480 0
w 752 464 640 464 0
w 832 432 848 432 0
r 752 464 816 464 0 4700
w 832 432 832 464 0
w 912 480 832 480 0
x 923 308 939 311 4 8 NOT
x 928 244 950 247 4 8 NAND
b 1152 288 925 234 0
b 1059 357 921 298 0
w 1024 272 1008 272 0
w 720 384 864 384 0
r 912 336 976 336 0 4700
w 976 336 992 336 0
g 1024 336 1040 336 0 0
f 1008 272 1008 336 56 1.5 0.02
f 1104 208 1104 272 56 1.5 0.02
f 1040 208 1040 272 56 1.5 0.02
g 1120 272 1136 272 0 0
r 912 272 992 272 0 4700
w 1088 272 1056 272 0
w 992 272 1008 272 0
w 912 336 912 272 0
w 912 272 912 160 0
b 903 224 1164 367 0
b 984 500 757 397 0
b 888 340 661 237 0
w 816 320 736 320 0
w 736 272 736 304 0
r 656 304 720 304 0 4700
w 736 272 752 272 0
w 656 304 640 304 0
g 848 320 864 320 0 0
w 736 304 736 320 0
w 720 304 736 304 0
g 784 272 800 272 0 0
w 720 304 720 384 0
f 768 208 768 272 56 1.5 0.02
f 832 208 832 320 56 1.5 0.02
x 1146 232 1162 235 4 8 AND
x 664 246 681 249 4 8 NOR
x 760 407 777 410 4 8 NOR
g 944 480 960 480 0 0
w 832 208 944 208 0
w 768 192 880 192 0
w 1104 192 1104 208 0
w 768 192 768 208 0
x 946 175 956 178 4 16 B
x 866 175 876 178 4 16 A
w 640 160 912 160 0
w 880 144 880 192 0
w 944 144 944 208 0
w 880 192 1104 192 0
w 912 160 1184 160 0
w 944 208 1040 208 0
w 640 464 640 528 0
w 640 304 640 464 0
w 1184 160 1184 528 0
w 640 160 640 304 0
x 644 179 683 182 4 18 XOR
x 1058 467 1081 470 4 12 1\s|\s0
x 1086 467 1099 470 4 12 |\s1
x 1086 479 1099 482 4 12 |\s0
x 1058 479 1081 482 4 12 1\s|\s1
x 1058 455 1081 458 4 12 0\s|\s1
x 1086 455 1099 458 4 12 |\s1
x 1086 443 1099 446 4 12 |\s0
x 1054 434 1106 437 4 12 -------------
x 1058 443 1081 446 4 12 0\s|\s0
x 1057 426 1100 429 4 12 A\s|\sB\s|\sY
b 1106 483 1052 414 0
R 640 160 608 144 0 0 40 5 0 0 0.5
x 798 132 1017 135 4 14 !(\s!(A\s|\sB)\s|\s!(\s!(A\s\a\sB)\s)\s)\s\s\q>\s\s(A\s^\sB)
x 700 215 734 218 4 48 U
x 1789 457 1815 460 4 40 V
x 1380 840 1414 843 4 48 U
x 1712 843 1746 846 4 48 U
x 2219 554 2225 557 4 12 o
x 2204 548 2238 551 4 48 U
x 1977 555 2011 558 4 48 U
w 1872 512 1872 560 0
x 2157 555 2162 558 4 10 \q
x 2164 555 2187 558 6 10 A\s^\sB
x 2147 556 2157 559 6 16 Y
x 2019 556 2029 559 4 16 Y
x 2036 555 2059 558 4 10 A\s^\sB
x 2029 555 2034 558 4 10 \q
x 1959 463 1972 466 4 12 |\s0
x 1959 475 1972 478 4 12 |\s1
x 1959 451 1972 454 4 12 |\s0
x 1959 439 1972 442 4 12 |\s1
x 1965 422 1973 425 6 12 Y
b 1978 478 1908 409 0
x 1912 422 1962 425 4 12 A\s|\sB\s|\sY\s|
x 1913 439 1936 442 4 12 0\s|\s0
x 1909 430 1977 433 4 12 -----------------
x 1941 439 1954 442 4 12 |\s0
x 1941 451 1954 454 4 12 |\s1
x 1913 451 1936 454 4 12 0\s|\s1
x 1913 475 1936 478 4 12 1\s|\s1
x 1941 475 1954 478 4 12 |\s0
x 1941 463 1954 466 4 12 |\s1
x 1913 463 1936 466 4 12 1\s|\s0
x 1894 545 1958 548 4 18 X(N)OR
w 2016 384 1984 384 0
w 2016 384 2080 384 0
R 1872 64 1840 48 0 0 40 5 0 0 0.5
w 1872 288 1872 160 0
x 1987 303 2018 306 6 10 !A\s\a\s!B
x 1892 331 1898 334 4 10 A
x 1892 107 1898 110 4 10 A
x 2262 108 2268 111 4 10 B
x 2262 332 2268 335 4 10 B
x 2085 244 2091 247 6 10 B
x 2037 244 2043 247 6 10 A
w 2016 384 2016 416 0
w 1888 336 1888 96 0
w 1920 288 1872 288 0
w 2288 160 2288 64 0
w 1872 160 1872 64 0
w 2256 160 2288 160 0
w 1904 160 1872 160 0
r 2096 512 2144 512 0 470
162 2048 512 2096 512 2 default-led 1 0 0 0.01
x 2067 517 2077 520 4 16 Y
w 2144 464 2144 512 0
r 2144 464 2208 464 0 4700
w 2112 464 2128 464 0
f 2096 416 2096 464 48 1.5 0.02
g 2080 464 2064 464 0 0
b 2199 533 2045 426 0
x 2048 435 2064 438 4 8 NOT
b 2052 490 2137 529 0
w 1872 512 2048 512 0
w 2144 512 2144 576 0
w 2144 464 2128 464 0
x 2165 340 2171 343 4 10 B
x 2117 341 2123 344 4 10 A
x 1957 244 1963 247 6 10 A
x 2197 244 2203 247 6 10 B
w 2112 96 2112 48 0
w 2048 96 2048 48 0
w 2176 336 2272 336 0
w 2272 96 2272 336 0
w 2144 96 2272 96 0
w 1888 96 2016 96 0
w 2096 240 2192 240 0
w 1968 240 2032 240 0
w 2192 160 2176 160 0
w 1984 160 1968 160 0
w 2160 384 2128 384 0
g 2192 384 2208 384 0 0
f 2112 336 2112 384 56 1.5 0.02
f 2176 336 2176 384 56 1.5 0.02
w 2096 384 2080 384 0
b 2028 400 2223 346 0
x 2032 356 2054 359 4 8 NAND
w 2192 208 2192 240 0
w 1968 208 1968 240 0
x 1921 264 1943 267 4 8 NAND
b 2145 308 1918 254 0
f 2096 240 2096 288 56 1.5 0.02
f 2032 240 2032 288 56 1.5 0.02
g 2112 288 2128 288 0 0
r 1920 288 1984 288 0 4700
w 2080 288 2048 288 0
w 1984 288 2016 288 0
w 2080 208 2096 208 0
w 2064 208 2080 208 0
b 2100 186 2185 225 0
b 1974 186 2059 225 0
w 2080 208 2080 64 0
x 2114 79 2124 82 4 16 B
x 2034 79 2044 82 4 16 A
w 1872 64 2080 64 0
w 2080 64 2288 64 0
x 2228 131 2244 134 4 8 NOT
b 2247 229 2093 122 0
g 2128 160 2112 160 0 0
f 2144 96 2144 160 48 1.5 0.02
w 2160 160 2176 160 0
r 2192 160 2256 160 0 4700
w 2192 160 2192 208 0
r 2096 208 2144 208 0 470
r 2016 208 2064 208 0 470
f 2016 96 2016 160 56 1.5 0.02
g 2032 160 2048 160 0 0
w 1984 160 2000 160 0
r 1904 160 1968 160 0 4700
w 1968 160 1968 208 0
b 1913 229 2067 122 0
x 1915 132 1931 135 4 8 NOT
w 2144 96 2112 96 0
w 2016 96 2048 96 0
b 2256 324 1903 108 0
x 1988 320 2009 323 4 10 A\s|\sB
x 1905 117 1917 120 4 8 OR
w 1872 288 1872 512 0
x 2030 379 2065 382 4 10 !(A\s\a\sB)
x 1988 379 2016 382 4 10 (A\s|\sB)
w 1984 384 1984 288 0
x 2018 379 2024 382 4 10 \a
w 1888 336 2112 336 0
w 2288 160 2288 464 0
162 2016 208 1968 208 2 default-led 1 0 0 0.01
x 1987 213 1997 216 4 16 A
162 2144 208 2192 208 2 default-led 1 0 0 0.01
x 2163 213 2173 216 4 16 B
w 2272 560 1872 560 0
w 2096 416 2016 416 0
w 2016 416 2016 576 0
x 1991 35 2180 38 4 14 !(!A\s\a\s!B)\s\a\s!(A\s\a\sB)\s\q>\s(A\s^\sB)
x 1894 993 1946 996 4 18 (N)OR
w 2224 640 2224 704 0
x 2066 654 2076 657 4 16 B
x 2018 654 2028 657 4 16 A
w 1872 640 2048 640 0
w 2048 640 2224 640 0
w 1872 1008 2208 1008 0
w 1872 640 1872 704 0
x 2141 1003 2146 1006 4 10 \q
x 2148 1003 2169 1006 6 10 A\s|\sB
x 2131 1004 2141 1007 6 16 Y
x 2003 1004 2013 1007 4 16 Y
x 2020 1003 2041 1006 4 10 A\s|\sB
x 2013 1003 2018 1006 4 10 \q
r 2080 960 2128 960 0 470
162 2032 960 2080 960 2 default-led 1 0 0 0.01
x 2051 965 2061 968 4 16 Y
w 2128 912 2128 960 0
r 2128 912 2192 912 0 4700
w 2096 912 2112 912 0
f 2080 864 2080 912 48 1.5 0.02
g 2064 912 2048 912 0 0
b 2183 981 2029 874 0
x 2031 883 2047 886 4 8 NOT
b 2036 938 2121 977 0
w 1872 960 2032 960 0
w 2128 960 2128 1024 0
w 2128 912 2112 912 0
w 2080 864 2000 864 0
x 2003 847 2034 850 6 10 !A\s\a\s!B
x 2101 788 2107 791 6 10 B
x 2053 788 2059 791 6 10 A
w 1936 832 1872 832 0
x 1925 788 1931 791 6 10 A
x 2165 788 2171 791 6 10 B
w 2112 784 2160 784 0
w 1936 784 2048 784 0
w 2160 704 2144 704 0
w 1952 704 1936 704 0
w 2160 752 2160 784 0
w 1936 752 1936 784 0
x 1937 808 1959 811 4 8 NAND
b 2161 852 1934 798 0
f 2112 784 2112 832 56 1.5 0.02
f 2048 784 2048 832 56 1.5 0.02
g 2128 832 2144 832 0 0
r 1936 832 2000 832 0 4700
w 2096 832 2064 832 0
w 2000 832 2032 832 0
w 2048 752 2064 752 0
w 2032 752 2048 752 0
b 2068 730 2153 769 0
b 1942 730 2027 769 0
w 2048 768 2048 640 0
x 2196 675 2212 678 4 8 NOT
b 2215 773 2061 666 0
g 2096 704 2080 704 0 0
f 2112 656 2112 704 48 1.5 0.02
w 2128 704 2144 704 0
r 2160 704 2224 704 0 4700
w 2160 704 2160 752 0
r 2064 752 2112 752 0 470
r 1984 752 2032 752 0 470
f 1984 656 1984 704 56 1.5 0.02
g 2000 704 2016 704 0 0
w 1952 704 1968 704 0
r 1872 704 1936 704 0 4700
w 1936 704 1936 752 0
b 1881 773 2035 666 0
x 1883 676 1899 679 4 8 NOT
w 2000 1024 2000 864 0
162 1984 752 1936 752 2 default-led 1 0 0 0.01
x 1955 757 1965 760 4 16 A
162 2112 752 2160 752 2 default-led 1 0 0 0.01
x 2131 757 2141 760 4 16 B
x 1904 924 1927 927 4 12 1\s|\s0
x 1932 924 1945 927 4 12 |\s1
x 1932 936 1945 939 4 12 |\s1
x 1904 936 1927 939 4 12 1\s|\s1
x 1904 912 1927 915 4 12 0\s|\s1
x 1932 912 1945 915 4 12 |\s1
x 1932 900 1945 903 4 12 |\s0
x 1900 891 1968 894 4 12 -----------------
x 1904 900 1927 903 4 12 0\s|\s0
x 1903 883 1953 886 4 12 A\s|\sB\s|\sY\s|
b 1969 939 1899 870 0
x 1956 883 1964 886 6 12 Y
x 1950 900 1963 903 4 12 |\s1
x 1950 912 1963 915 4 12 |\s0
x 1950 936 1963 939 4 12 |\s0
x 1950 924 1963 927 4 12 |\s0
w 2208 464 2288 464 0
w 2288 464 2288 560 0
x 1964 1003 1998 1006 4 48 U
w 2016 656 2016 624 0
w 2080 656 2080 624 0
w 1984 656 2016 656 0
w 2080 656 2112 656 0
w 2224 704 2224 912 0
w 1872 832 1872 960 0
w 1872 960 1872 1008 0
w 2000 864 2000 832 0
w 1872 704 1872 832 0
w 2192 912 2224 912 0
w 2224 912 2224 1008 0
x 898 807 915 810 4 8 NOR
b 1138 796 895 898 0
w 960 864 976 864 0
w 1072 880 992 880 0
w 992 832 992 864 0
r 880 864 960 864 0 4700
w 992 832 1008 832 0
g 1104 880 1120 880 0 0
w 992 864 992 880 0
w 976 864 992 864 0
g 1040 832 1056 832 0 0
f 1024 784 1024 832 56 1.5 0.02
f 1088 784 1088 880 56 1.5 0.02
w 1152 960 1184 960 0
w 1040 912 960 912 0
w 1088 960 1072 960 0
w 1088 1008 1088 1072 0
w 832 1008 992 1008 0
b 996 986 1081 1025 0
x 991 931 1007 934 4 8 NOT
b 1143 1029 989 922 0
g 1024 960 1008 960 0 0
f 1040 912 1040 960 48 1.5 0.02
w 1056 960 1072 960 0
r 1088 960 1152 960 0 4700
w 1088 960 1088 1008 0
r 1040 1008 1088 1008 0 470
x 980 1051 1001 1054 4 10 A\s|\sB
x 1091 1052 1101 1055 6 16 Y
x 1108 1051 1129 1054 6 10 A\s|\sB
x 1101 1051 1106 1054 4 10 \q
w 960 864 960 912 0
w 960 912 960 1072 0
x 973 1051 978 1054 4 10 \q
x 963 1052 973 1055 4 16 Y
w 832 1056 1168 1056 0
R 832 640 800 624 0 0 40 5 0 0 0.5
x 945 613 1069 616 4 14 !(\s!A\s|\s!B)\s\q>\s(A\s\a\sB)
x 845 1039 908 1042 4 18 (N)AND
w 1184 640 1184 704 0
x 1026 654 1036 657 4 16 B
x 978 654 988 657 4 16 A
w 832 640 1008 640 0
w 1008 640 1184 640 0
w 832 640 832 704 0
x 1077 788 1083 791 6 10 B
x 1029 788 1035 791 6 10 A
x 885 788 891 791 6 10 A
x 1125 788 1131 791 6 10 B
w 1088 784 1120 784 0
w 896 784 1024 784 0
w 1120 704 1104 704 0
w 912 704 896 704 0
w 1120 752 1120 784 0
w 896 752 896 784 0
w 1008 752 1024 752 0
w 992 752 1008 752 0
b 1028 730 1113 769 0
b 902 730 987 769 0
w 1008 768 1008 640 0
x 1156 675 1172 678 4 8 NOT
b 1175 773 1021 666 0
g 1056 704 1040 704 0 0
f 1072 656 1072 704 48 1.5 0.02
w 1088 704 1104 704 0
r 1120 704 1184 704 0 4700
w 1120 704 1120 752 0
r 1024 752 1072 752 0 470
r 944 752 992 752 0 470
f 944 656 944 704 56 1.5 0.02
g 960 704 976 704 0 0
w 912 704 928 704 0
r 832 704 896 704 0 4700
w 896 704 896 752 0
b 841 773 995 666 0
x 843 676 859 679 4 8 NOT
162 944 752 896 752 2 default-led 1 0 0 0.01
x 915 757 925 760 4 16 A
162 1072 752 1120 752 2 default-led 1 0 0 0.01
x 1091 757 1101 760 4 16 B
w 976 656 976 624 0
w 1040 656 1040 624 0
w 944 656 976 656 0
w 1040 656 1072 656 0
w 1184 704 1184 960 0
w 832 704 832 864 0
w 1184 960 1184 1056 0
w 832 1008 832 1056 0
w 880 864 832 864 0
w 832 864 832 1008 0
x 907 972 920 975 4 12 |\s1
x 907 984 920 987 4 12 |\s0
x 907 960 920 963 4 12 |\s1
x 907 948 920 951 4 12 |\s1
x 913 931 921 934 6 12 Y
b 926 987 856 918 0
x 860 931 910 934 4 12 A\s|\sB\s|\sY\s|
x 861 948 884 951 4 12 0\s|\s0
x 857 939 925 942 4 12 -----------------
x 889 948 902 951 4 12 |\s0
x 889 960 902 963 4 12 |\s0
x 861 960 884 963 4 12 0\s|\s1
x 861 984 884 987 4 12 1\s|\s1
x 889 984 902 987 4 12 |\s1
x 889 972 902 975 4 12 |\s0
x 861 972 884 975 4 12 1\s|\s0
x 2185 991 2219 994 4 48 U
x 2200 997 2206 1000 4 12 o
x 924 1050 958 1053 4 48 U
x 1160 1049 1166 1052 4 12 o
x 1145 1043 1179 1046 4 48 U
x 1570 951 1587 954 4 8 NOR
b 1810 940 1567 1042 0
w 1632 1008 1648 1008 0
w 1552 912 1552 1008 0
x 1556 930 1608 933 4 18 (N)OR
w 1744 1024 1664 1024 0
w 1664 976 1664 1008 0
R 1552 912 1520 896 0 0 40 5 0 0 0.5
r 1552 1008 1632 1008 0 4700
w 1664 976 1680 976 0
w 1552 912 1824 912 0
g 1776 1024 1792 1024 0 0
w 1664 1008 1664 1024 0
w 1648 1008 1664 1008 0
g 1712 976 1728 976 0 0
x 1699 927 1709 930 4 16 A
f 1696 896 1696 976 56 1.5 0.02
x 1747 927 1757 930 4 16 B
f 1760 896 1760 1024 56 1.5 0.02
w 1552 1104 1552 1168 0
f 1648 1056 1648 1104 56 1.5 0.02
g 1664 1104 1680 1104 0 0
w 1616 1104 1632 1104 0
r 1552 1104 1616 1104 0 4700
w 1616 1104 1616 1184 0
x 1619 1164 1629 1167 4 16 Y
x 1636 1163 1657 1166 4 10 A\s|\sB
x 1629 1163 1634 1166 4 10 \q
b 1699 1125 1561 1066 0
x 1563 1076 1579 1079 4 8 NOT
w 1552 1104 1552 1008 0
w 1648 1056 1648 1008 0
w 1648 1056 1712 1056 0
w 1728 1072 1728 1184 0
w 1712 1056 1728 1072 0
w 1824 912 1824 1168 0
x 1568 1163 1602 1166 4 48 U
x 1368 1115 1374 1118 4 12 o
x 1353 1109 1387 1112 4 48 U
x 1741 1163 1746 1166 4 10 \q
x 1748 1163 1769 1166 6 10 A\s|\sB
x 1731 1164 1741 1167 6 16 Y
x 1792 1120 1805 1123 4 12 |\s0
x 1792 1132 1805 1135 4 12 |\s0
x 1792 1108 1805 1111 4 12 |\s0
x 1792 1096 1805 1099 4 12 |\s1
x 1798 1079 1806 1082 6 12 Y
b 1811 1135 1741 1066 0
x 1745 1079 1795 1082 4 12 A\s|\sB\s|\sY\s|
x 1746 1096 1769 1099 4 12 0\s|\s0
x 1742 1087 1810 1090 4 12 -----------------
x 1774 1096 1787 1099 4 12 |\s0
x 1774 1108 1787 1111 4 12 |\s1
x 1746 1108 1769 1111 4 12 0\s|\s1
x 1746 1132 1769 1135 4 12 1\s|\s1
x 1774 1132 1787 1135 4 12 |\s1
x 1774 1120 1787 1123 4 12 |\s1
x 1746 1120 1769 1123 4 12 1\s|\s0
x 1260 1114 1294 1117 4 48 U
x 1411 927 1421 930 4 16 B
x 1243 1028 1259 1031 4 8 NOT
x 1248 948 1270 951 4 8 NAND
b 1472 992 1245 938 0
b 1379 1077 1241 1018 0
w 1232 1120 1472 1120 0
w 1232 976 1232 912 0
w 1344 976 1328 976 0
x 1309 1115 1314 1118 4 10 \q
x 1316 1115 1341 1118 4 10 A\s\a\sB
x 1299 1116 1309 1119 4 16 Y
w 1296 1056 1296 1136 0
r 1232 1056 1296 1056 0 4700
w 1232 976 1232 1056 0
w 1296 1056 1312 1056 0
g 1344 1056 1360 1056 0 0
f 1328 1008 1328 1056 56 1.5 0.02
w 1232 1056 1232 1120 0
f 1424 896 1424 976 56 1.5 0.02
f 1360 896 1360 976 56 1.5 0.02
g 1440 976 1456 976 0 0
R 1232 912 1200 896 0 0 40 5 0 0 0.5
r 1232 976 1312 976 0 4700
w 1408 976 1376 976 0
w 1312 976 1328 976 0
x 1363 927 1373 930 4 16 A
x 1235 930 1298 933 4 18 (N)AND
w 1232 912 1488 912 0
w 1488 912 1488 1104 0
w 1328 1008 1328 976 0
w 1328 1008 1376 1008 0
w 1376 1008 1392 1024 0
w 1392 1024 1392 1136 0
x 1410 1072 1433 1075 4 12 1\s|\s0
x 1438 1072 1451 1075 4 12 |\s0
x 1438 1084 1451 1087 4 12 |\s1
x 1410 1084 1433 1087 4 12 1\s|\s1
x 1410 1060 1433 1063 4 12 0\s|\s1
x 1438 1060 1451 1063 4 12 |\s0
x 1438 1048 1451 1051 4 12 |\s0
x 1406 1039 1474 1042 4 12 -----------------
x 1410 1048 1433 1051 4 12 0\s|\s0
x 1409 1031 1459 1034 4 12 A\s|\sB\s|\sY\s|
b 1475 1087 1405 1018 0
x 1462 1031 1470 1034 6 12 Y
x 1456 1048 1469 1051 4 12 |\s1
x 1456 1060 1469 1063 4 12 |\s1
x 1456 1084 1469 1087 4 12 |\s0
x 1456 1072 1469 1075 4 12 |\s1
x 1395 1116 1405 1119 6 16 Y
x 1412 1115 1437 1118 6 10 A\s\a\sB
x 1405 1115 1410 1118 4 10 \q
x 853 379 874 382 6 10 A\s|\sB
x 914 378 939 381 4 10 A\s\a\sB
w 976 336 976 384 0
w 976 384 928 384 0
162 992 1008 1040 1008 2 default-led 1 0 0 0.01
x 1011 1013 1021 1016 4 16 Y
w 1552 1168 1808 1168 0
x 1689 1157 1723 1160 4 48 U
x 1704 1163 1710 1166 4 12 o
x 1227 217 1253 220 4 24 1a
x 1547 185 1573 188 4 24 1b
x 1208 425 1221 428 4 24 2
x 1198 709 1224 712 4 24 3a
x 1517 662 1543 665 4 24 3b
x 1198 933 1224 936 4 24 4a
x 1517 935 1543 938 4 24 4b
x 617 184 630 187 4 24 5
x 1438 421 1464 424 4 24 6a
x 1614 421 1640 424 4 24 6b
x 798 661 824 664 4 24 7a
x 1838 661 1864 664 4 24 7b
x 1838 85 1863 88 4 24 7c
x 1661 516 1702 519 4 12 A\s|\sLED
b 1656 502 1705 553 0
x 1662 533 1695 536 4 12 1\s|\s\son
x 1662 545 1694 548 4 12 0\s|\s\soff
x 1658 524 1702 527 4 12 -----------
x 1794 234 1800 237 4 12 o
x 1779 228 1813 231 4 48 U
x 1457 264 1463 267 4 12 o
x 1442 258 1476 261 4 48 U
x 1798 466 1805 469 4 14 o
x 1380 467 1387 470 4 14 o
x 1371 458 1397 461 4 40 V
